73.510698 29.068571 0.000000 0.850006 25.000000
191.414132 29.883245 0.000000 0.821429 25.000000
151.991334 29.522382 0.000000 0.820160 25.000000
304.006316 27.763031 0.000000 0.699691 25.000000
224.753573 28.354346 0.000000 0.760598 25.000000
120.808319 27.607518 0.000000 0.794526 25.000000
224.395217 25.342261 0.000000 0.777256 25.000000
190.592916 29.561224 0.000000 0.837237 25.000000
256.029861 26.857880 0.000000 0.742388 25.000000
56.622545 25.133835 0.000000 0.759701 25.000000
30.351644 28.289873 0.000000 0.923225 25.000000
52.952367 25.944719 0.000000 0.902674 25.000000
82.845033 29.966684 0.000000 0.752719 25.000000
46.016692 27.913733 0.000000 0.891089 25.000000
157.267104 27.180809 0.000000 0.944403 25.000000
108.629608 28.246383 0.000000 0.666920 25.000000
26.912777 25.899845 0.000000 0.756703 25.000000
156.086819 26.849004 0.000000 0.823901 25.000000
94.105185 25.132580 0.000000 0.676837 25.000000
209.602616 28.159602 0.000000 0.680717 25.000000
62.582744 25.479323 0.000000 0.948394 25.000000
344.727615 28.803157 0.000000 0.903283 25.000000
249.597128 25.803651 0.000000 0.759342 25.000000
102.025525 28.266619 0.000000 0.786638 25.000000
