354.714085 26.751926 0.000000 0.948420 25.000000
6.030773 25.487069 0.000000 0.737601 25.000000
123.305174 28.738015 0.000000 0.790623 25.000000
226.617944 25.740878 0.000000 0.890021 25.000000
122.053764 29.744266 0.000000 0.893372 25.000000
146.378609 29.095962 0.000000 0.788877 25.000000
13.964164 25.701257 0.000000 0.709458 25.000000
48.674483 28.981111 0.000000 0.924927 25.000000
206.990125 25.728650 0.000000 0.926089 25.000000
239.841962 27.552133 0.000000 0.838492 25.000000
219.200650 25.955334 0.000000 0.777594 25.000000
214.345395 26.336267 0.000000 0.829518 25.000000
293.527699 25.698828 0.000000 0.651415 25.000000
197.707106 26.648514 0.000000 0.666987 25.000000
359.571075 28.077155 0.000000 0.843575 25.000000
353.847253 29.327787 0.000000 0.738087 25.000000
108.692150 28.287659 0.000000 0.857035 25.000000
98.015264 29.184920 0.000000 0.686786 25.000000
183.020927 27.623944 0.000000 0.880415 25.000000
127.816297 28.830813 0.000000 0.746793 25.000000
168.252506 29.911135 0.000000 0.903066 25.000000
190.275108 25.738585 0.000000 0.731438 25.000000
339.652658 29.122198 0.000000 0.943315 25.000000
271.917877 27.513468 0.000000 0.925986 25.000000
