100.261508 27.395748 0.000000 0.837755 25.000000
141.615135 29.418949 0.000000 0.784612 25.000000
271.847308 26.025125 0.000000 0.942282 25.000000
266.113102 27.847694 0.000000 0.747941 25.000000
2.495648 27.686166 0.000000 0.776198 25.000000
271.584219 26.715120 0.000000 0.710906 25.000000
237.485019 29.396306 0.000000 0.740942 25.000000
18.666773 26.612158 0.000000 0.702181 25.000000
225.439716 28.884162 0.000000 0.724853 25.000000
243.367594 25.000981 0.000000 0.787524 25.000000
230.679782 28.694840 0.000000 0.697048 25.000000
55.879007 26.291212 0.000000 0.888565 25.000000
305.242379 26.660793 0.000000 0.809559 25.000000
241.273912 25.892301 0.000000 0.766634 25.000000
234.680076 28.194522 0.000000 0.779809 25.000000
332.426485 29.006215 0.000000 0.676866 25.000000
272.519140 29.754050 0.000000 0.692397 25.000000
70.929150 27.825079 0.000000 0.705881 25.000000
78.030017 25.087459 0.000000 0.842560 25.000000
164.082715 28.923308 0.000000 0.854426 25.000000
2.694959 25.569250 0.000000 0.850271 25.000000
301.331891 25.616709 0.000000 0.669052 25.000000
74.683804 26.735558 0.000000 0.883543 25.000000
171.971386 25.311956 0.000000 0.783336 25.000000
