93.742697 27.124525 0.000000 0.773465 25.000000
86.218336 28.935031 0.000000 0.779417 25.000000
355.252057 28.133827 0.000000 0.738361 25.000000
268.636147 26.053957 0.000000 0.797561 25.000000
190.291009 29.769910 0.000000 0.945608 25.000000
1.742723 26.871890 0.000000 0.933922 25.000000
2.438962 26.219290 0.000000 0.824624 25.000000
194.033798 25.638270 0.000000 0.696299 25.000000
165.560060 28.550132 0.000000 0.776089 25.000000
4.463077 29.158085 0.000000 0.806710 25.000000
39.160766 25.303805 0.000000 0.912706 25.000000
118.301410 26.984829 0.000000 0.876862 25.000000
278.692729 28.053656 0.000000 0.765621 25.000000
45.172096 25.638086 0.000000 0.922573 25.000000
278.376996 29.236272 0.000000 0.886928 25.000000
148.666800 25.122771 0.000000 0.923592 25.000000
358.816082 29.218680 0.000000 0.687642 25.000000
242.433432 29.920664 0.000000 0.685608 25.000000
91.429027 26.875759 0.000000 0.763959 25.000000
281.556591 25.210976 0.000000 0.719139 25.000000
245.580976 25.840073 0.000000 0.730020 25.000000
196.636185 25.322241 0.000000 0.933093 25.000000
240.936267 26.689272 0.000000 0.702778 25.000000
174.264356 25.545935 0.000000 0.796538 25.000000
