112.510172 28.271947 0.000000 0.834182 25.000000
212.249075 29.704454 0.000000 0.844376 25.000000
276.650538 27.664656 0.000000 0.895762 25.000000
265.757288 27.426871 0.000000 0.851173 25.000000
122.962030 29.987895 0.000000 0.786113 25.000000
206.216525 27.553986 0.000000 0.687292 25.000000
177.412346 28.252524 0.000000 0.741708 25.000000
61.256439 27.572471 0.000000 0.671237 25.000000
233.045159 27.847553 0.000000 0.671319 25.000000
350.346854 29.378757 0.000000 0.676566 25.000000
207.236958 25.132869 0.000000 0.761604 25.000000
216.410548 27.168545 0.000000 0.673174 25.000000
95.741655 25.238431 0.000000 0.754542 25.000000
301.311752 28.427226 0.000000 0.708271 25.000000
55.201691 27.610506 0.000000 0.805400 25.000000
350.906705 29.918099 0.000000 0.708059 25.000000
302.878808 26.073399 0.000000 0.827174 25.000000
268.406254 28.471208 0.000000 0.867872 25.000000
251.561277 26.316247 0.000000 0.868499 25.000000
145.042345 25.642599 0.000000 0.725506 25.000000
108.406787 27.947510 0.000000 0.948201 25.000000
224.281155 27.198324 0.000000 0.843165 25.000000
49.540523 26.335638 0.000000 0.695064 25.000000
233.531494 27.738302 0.000000 0.666547 25.000000
