307.918782 29.864763 0.000000 0.835607 25.000000
124.334780 27.339415 0.000000 0.763833 25.000000
6.376130 25.109215 0.000000 0.817615 25.000000
0.487290 25.570803 0.000000 0.856794 25.000000
295.473543 27.684042 0.000000 0.788515 25.000000
179.508414 25.478115 0.000000 0.873943 25.000000
82.794667 29.374747 0.000000 0.913725 25.000000
38.953575 29.229196 0.000000 0.663643 25.000000
31.862979 29.084500 0.000000 0.694304 25.000000
133.103660 29.529175 0.000000 0.650616 25.000000
266.276431 28.400043 0.000000 0.946560 25.000000
232.498571 28.745514 0.000000 0.757781 25.000000
340.477937 27.133797 0.000000 0.777394 25.000000
295.723932 27.922001 0.000000 0.834678 25.000000
284.224500 26.437653 0.000000 0.808265 25.000000
312.775286 29.189345 0.000000 0.859130 25.000000
76.280767 26.104903 0.000000 0.672839 25.000000
68.628284 27.664813 0.000000 0.683242 25.000000
358.381325 26.660015 0.000000 0.788558 25.000000
289.133227 25.693659 0.000000 0.937795 25.000000
74.542100 27.188660 0.000000 0.697211 25.000000
248.817475 25.421042 0.000000 0.888919 25.000000
311.329620 25.694440 0.000000 0.768087 25.000000
229.305000 27.236873 0.000000 0.711291 25.000000
