286.852558 28.075498 0.000000 0.732014 25.000000
88.830087 27.730900 0.000000 0.873585 25.000000
89.591161 28.633136 0.000000 0.793445 25.000000
62.200583 27.383639 0.000000 0.798822 25.000000
118.800487 25.940457 0.000000 0.792195 25.000000
220.619371 25.530777 0.000000 0.684096 25.000000
273.004124 28.195601 0.000000 0.872530 25.000000
263.778177 26.074182 0.000000 0.774535 25.000000
97.207224 25.673471 0.000000 0.757930 25.000000
310.548092 27.144663 0.000000 0.808748 25.000000
71.584032 25.029938 0.000000 0.750963 25.000000
272.015033 29.102070 0.000000 0.650995 25.000000
68.311255 28.199923 0.000000 0.843561 25.000000
265.999459 26.397115 0.000000 0.768581 25.000000
145.821386 28.545264 0.000000 0.929806 25.000000
179.890789 28.605699 0.000000 0.717513 25.000000
175.956242 29.132093 0.000000 0.830305 25.000000
112.672680 29.253884 0.000000 0.830211 25.000000
135.343728 28.257632 0.000000 0.940457 25.000000
76.515137 26.854903 0.000000 0.691388 25.000000
308.217708 27.199376 0.000000 0.753003 25.000000
357.116130 28.241374 0.000000 0.724677 25.000000
353.143108 28.611811 0.000000 0.872651 25.000000
45.967817 29.032444 0.000000 0.705767 25.000000
