335.933092 27.862790 0.000000 0.742707 25.000000
53.095416 27.787253 0.000000 0.794938 25.000000
291.428589 25.733534 0.000000 0.910784 25.000000
117.255101 29.306845 0.000000 0.746511 25.000000
127.813382 27.077580 0.000000 0.682556 25.000000
249.606674 27.278935 0.000000 0.772944 25.000000
204.303337 27.428606 0.000000 0.928950 25.000000
71.482036 25.739294 0.000000 0.675479 25.000000
243.729608 28.318220 0.000000 0.740093 25.000000
144.921704 25.975426 0.000000 0.694883 25.000000
96.280810 28.554019 0.000000 0.851609 25.000000
98.075659 29.069831 0.000000 0.863354 25.000000
348.588331 26.627956 0.000000 0.753861 25.000000
174.934394 29.573917 0.000000 0.751638 25.000000
282.851944 28.881374 0.000000 0.767707 25.000000
206.646660 28.401611 0.000000 0.659421 25.000000
267.287804 28.268046 0.000000 0.899275 25.000000
344.239240 26.510981 0.000000 0.771217 25.000000
22.668079 29.373059 0.000000 0.895932 25.000000
309.401940 26.524829 0.000000 0.745118 25.000000
53.002358 26.328515 0.000000 0.849665 25.000000
307.654967 26.379692 0.000000 0.769350 25.000000
166.299579 28.859238 0.000000 0.812600 25.000000
166.721264 25.698815 0.000000 0.844336 25.000000
