1.273096 26.390779 0.000000 0.836089 25.000000
189.785214 27.736759 0.000000 0.719829 25.000000
17.693159 28.145613 0.000000 0.811504 25.000000
203.210707 28.092827 0.000000 0.901497 25.000000
42.689814 25.922324 0.000000 0.896614 25.000000
279.755968 28.087702 0.000000 0.695667 25.000000
79.450535 26.646916 0.000000 0.783023 25.000000
271.950297 29.895478 0.000000 0.812317 25.000000
285.156148 29.538632 0.000000 0.803436 25.000000
132.279693 25.969883 0.000000 0.879114 25.000000
104.482506 29.350105 0.000000 0.845576 25.000000
132.401963 27.216920 0.000000 0.917635 25.000000
339.732048 27.886780 0.000000 0.929849 25.000000
133.791083 29.147354 0.000000 0.691565 25.000000
105.678073 29.609898 0.000000 0.805588 25.000000
202.974045 29.691517 0.000000 0.742086 25.000000
128.128573 29.195638 0.000000 0.772944 25.000000
350.434296 27.527797 0.000000 0.664471 25.000000
122.872425 27.407659 0.000000 0.885402 25.000000
95.948609 26.012355 0.000000 0.805208 25.000000
87.557489 27.344088 0.000000 0.856743 25.000000
172.872354 25.250842 0.000000 0.668635 25.000000
18.081525 27.682646 0.000000 0.760885 25.000000
300.338752 29.159892 0.000000 0.875512 25.000000
