181.089497 25.921872 0.000000 0.779917 25.000000
339.439772 28.259989 0.000000 0.895517 25.000000
293.703621 27.866374 0.000000 0.903820 25.000000
32.634604 26.699192 0.000000 0.769968 25.000000
253.508895 29.092677 0.000000 0.852777 25.000000
199.055820 25.341246 0.000000 0.841288 25.000000
320.261706 26.089503 0.000000 0.938353 25.000000
28.299631 29.004240 0.000000 0.660925 25.000000
144.592633 28.866933 0.000000 0.754036 25.000000
58.468151 29.486310 0.000000 0.893831 25.000000
177.008108 28.978094 0.000000 0.917300 25.000000
283.440045 28.747143 0.000000 0.906705 25.000000
89.350180 29.451831 0.000000 0.655178 25.000000
210.080470 28.336837 0.000000 0.770786 25.000000
267.785838 27.929946 0.000000 0.945238 25.000000
344.562233 26.821321 0.000000 0.838191 25.000000
208.625244 26.652167 0.000000 0.792316 25.000000
269.192782 26.089415 0.000000 0.703290 25.000000
235.737557 26.110112 0.000000 0.772276 25.000000
211.307645 27.331181 0.000000 0.933811 25.000000
222.222077 26.376942 0.000000 0.842485 25.000000
135.061389 28.558372 0.000000 0.672064 25.000000
49.802375 26.462151 0.000000 0.767108 25.000000
351.329084 25.878720 0.000000 0.796332 25.000000
