267.904419 27.988132 0.000000 0.669584 25.000000
99.211917 28.687909 0.000000 0.919400 25.000000
317.361302 25.823982 0.000000 0.692007 25.000000
76.972042 28.516759 0.000000 0.756710 25.000000
253.575392 27.182693 0.000000 0.859164 25.000000
156.698178 28.517999 0.000000 0.893478 25.000000
70.296891 26.873483 0.000000 0.839081 25.000000
109.752734 26.471588 0.000000 0.742305 25.000000
193.508456 26.630311 0.000000 0.794357 25.000000
189.587746 26.504439 0.000000 0.871158 25.000000
88.838379 26.671930 0.000000 0.841197 25.000000
38.550133 25.453715 0.000000 0.695309 25.000000
286.481971 28.832671 0.000000 0.941502 25.000000
30.649292 26.715304 0.000000 0.856972 25.000000
318.177152 29.258167 0.000000 0.922081 25.000000
315.031844 25.862126 0.000000 0.809560 25.000000
260.884222 26.170753 0.000000 0.759776 25.000000
160.405461 29.527997 0.000000 0.886536 25.000000
108.323959 29.509811 0.000000 0.911789 25.000000
334.377695 25.177389 0.000000 0.934558 25.000000
254.909753 28.816137 0.000000 0.795085 25.000000
82.285620 25.218477 0.000000 0.838692 25.000000
8.015032 26.081466 0.000000 0.685647 25.000000
240.938954 27.155861 0.000000 0.724780 25.000000
