213.567638 29.713013 0.000000 0.781001 25.000000
192.286995 25.499786 0.000000 0.861355 25.000000
262.236098 27.595683 0.000000 0.778653 25.000000
335.469624 29.670303 0.000000 0.937843 25.000000
226.950913 27.959901 0.000000 0.653289 25.000000
66.620181 26.991081 0.000000 0.661268 25.000000
47.017050 29.298444 0.000000 0.659912 25.000000
243.417810 27.706147 0.000000 0.857627 25.000000
249.975861 26.299069 0.000000 0.796578 25.000000
88.234078 26.841908 0.000000 0.715461 25.000000
92.038759 28.045515 0.000000 0.800114 25.000000
18.126969 26.095882 0.000000 0.909206 25.000000
128.696785 28.697805 0.000000 0.680519 25.000000
165.470340 27.274245 0.000000 0.766273 25.000000
160.519892 27.928095 0.000000 0.706253 25.000000
65.810160 28.309665 0.000000 0.885019 25.000000
129.666910 29.443012 0.000000 0.674463 25.000000
30.130182 26.317900 0.000000 0.706875 25.000000
101.757939 25.974011 0.000000 0.659614 25.000000
302.290473 25.641420 0.000000 0.851779 25.000000
345.448248 29.018667 0.000000 0.910180 25.000000
286.846943 26.910703 0.000000 0.728198 25.000000
312.583513 27.931496 0.000000 0.740447 25.000000
58.271815 25.186117 0.000000 0.763657 25.000000
