280.736683 26.863956 0.000000 0.935371 25.000000
200.808893 29.072804 0.000000 0.745435 25.000000
184.166466 28.188914 0.000000 0.889402 25.000000
170.187279 26.426181 0.000000 0.808633 25.000000
321.315213 29.063606 0.000000 0.734482 25.000000
359.239908 25.058897 0.000000 0.941838 25.000000
117.934911 29.703623 0.000000 0.942254 25.000000
42.312509 29.593124 0.000000 0.653365 25.000000
319.929113 27.576522 0.000000 0.733894 25.000000
227.961497 28.360361 0.000000 0.885950 25.000000
87.392699 27.324779 0.000000 0.657516 25.000000
251.076197 28.596684 0.000000 0.804439 25.000000
215.574261 26.893444 0.000000 0.748392 25.000000
44.882084 25.077245 0.000000 0.742702 25.000000
184.809285 28.148805 0.000000 0.922609 25.000000
233.634796 26.587967 0.000000 0.831233 25.000000
49.236097 27.949067 0.000000 0.826447 25.000000
319.933666 28.195194 0.000000 0.664992 25.000000
147.008832 27.297749 0.000000 0.943562 25.000000
92.745244 26.307160 0.000000 0.863082 25.000000
69.476697 29.376747 0.000000 0.896964 25.000000
97.157557 26.796105 0.000000 0.737224 25.000000
95.685839 29.301694 0.000000 0.680579 25.000000
196.997539 28.596770 0.000000 0.674408 25.000000
