285.609462 27.731798 0.000000 0.705065 25.000000
105.330798 28.605626 0.000000 0.884911 25.000000
206.260996 26.263911 0.000000 0.947907 25.000000
298.345280 26.167196 0.000000 0.941809 25.000000
338.727389 25.116207 0.000000 0.927797 25.000000
207.530318 26.367834 0.000000 0.742569 25.000000
70.032004 26.228173 0.000000 0.948428 25.000000
288.704085 26.171888 0.000000 0.863946 25.000000
206.931238 25.344658 0.000000 0.712259 25.000000
178.481416 29.578267 0.000000 0.775070 25.000000
213.129035 26.187350 0.000000 0.829214 25.000000
219.103401 29.226540 0.000000 0.893983 25.000000
325.754884 27.979032 0.000000 0.826842 25.000000
254.719395 29.403711 0.000000 0.919957 25.000000
258.498713 25.142177 0.000000 0.771049 25.000000
56.498576 26.151023 0.000000 0.885458 25.000000
221.295838 29.827995 0.000000 0.880695 25.000000
229.420895 29.942494 0.000000 0.695012 25.000000
1.928167 26.821591 0.000000 0.859832 25.000000
359.028906 27.137498 0.000000 0.881194 25.000000
68.813570 27.312730 0.000000 0.721883 25.000000
315.216441 26.733269 0.000000 0.725496 25.000000
203.536240 28.337211 0.000000 0.761202 25.000000
135.874630 28.262004 0.000000 0.658974 25.000000
