78.967815 29.185310 0.000000 0.655658 25.000000
49.546305 27.681919 0.000000 0.841788 25.000000
313.806277 29.767660 0.000000 0.871494 25.000000
345.590408 26.120451 0.000000 0.891343 25.000000
17.127893 29.109809 0.000000 0.898434 25.000000
229.384440 26.898227 0.000000 0.787612 25.000000
274.354351 27.044123 0.000000 0.940162 25.000000
339.642257 27.516865 0.000000 0.863016 25.000000
140.265568 28.742438 0.000000 0.743089 25.000000
358.141003 27.357236 0.000000 0.806748 25.000000
292.428193 29.237194 0.000000 0.708288 25.000000
108.368656 26.700098 0.000000 0.778659 25.000000
217.722311 26.995171 0.000000 0.729933 25.000000
142.273612 29.583624 0.000000 0.709097 25.000000
341.731400 28.863649 0.000000 0.816730 25.000000
61.326128 28.118486 0.000000 0.949106 25.000000
173.847585 29.482988 0.000000 0.802672 25.000000
291.498375 29.796645 0.000000 0.808572 25.000000
47.723506 27.078102 0.000000 0.864305 25.000000
265.161933 29.706467 0.000000 0.820035 25.000000
262.292393 26.352402 0.000000 0.681562 25.000000
21.280708 29.034005 0.000000 0.710819 25.000000
46.136039 28.780707 0.000000 0.776458 25.000000
143.830990 26.163540 0.000000 0.785035 25.000000
