235.895636 29.510587 0.000000 0.846128 25.000000
132.339250 29.748012 0.000000 0.658120 25.000000
339.551859 29.885447 0.000000 0.886522 25.000000
254.763653 28.515289 0.000000 0.902771 25.000000
23.777376 25.590051 0.000000 0.921486 25.000000
245.950520 29.372576 0.000000 0.928806 25.000000
19.636120 28.953997 0.000000 0.650183 25.000000
85.719267 28.979987 0.000000 0.897276 25.000000
25.972722 27.087933 0.000000 0.767997 25.000000
156.743665 26.494932 0.000000 0.841755 25.000000
331.589732 28.883354 0.000000 0.779022 25.000000
208.463096 26.316379 0.000000 0.691535 25.000000
9.518187 26.009719 0.000000 0.731515 25.000000
20.167750 28.225625 0.000000 0.681134 25.000000
257.888729 29.374623 0.000000 0.669495 25.000000
247.562155 27.927980 0.000000 0.666354 25.000000
59.950988 26.729676 0.000000 0.919484 25.000000
52.658396 29.863721 0.000000 0.672627 25.000000
263.061576 27.746265 0.000000 0.875932 25.000000
220.726582 27.173820 0.000000 0.790004 25.000000
279.796565 28.565103 0.000000 0.722365 25.000000
84.632228 28.722352 0.000000 0.906842 25.000000
77.711683 27.134084 0.000000 0.779512 25.000000
74.792233 27.166962 0.000000 0.875681 25.000000
