260.658254 26.345910 0.000000 0.683298 25.000000
35.559832 26.355735 0.000000 0.710089 25.000000
154.078067 27.754906 0.000000 0.923374 25.000000
293.695447 29.716321 0.000000 0.698633 25.000000
132.035313 25.552981 0.000000 0.854829 25.000000
160.436999 26.749693 0.000000 0.668348 25.000000
18.067818 29.003747 0.000000 0.696047 25.000000
74.302034 28.090889 0.000000 0.861756 25.000000
134.537305 27.376374 0.000000 0.688512 25.000000
209.588432 28.619973 0.000000 0.841563 25.000000
24.902259 26.093966 0.000000 0.933251 25.000000
358.163257 25.273240 0.000000 0.922738 25.000000
153.040226 26.240530 0.000000 0.675703 25.000000
211.322747 25.512040 0.000000 0.684932 25.000000
329.812843 29.594229 0.000000 0.755924 25.000000
67.142635 25.284826 0.000000 0.825231 25.000000
1.602524 25.983218 0.000000 0.923781 25.000000
188.144745 25.837163 0.000000 0.688072 25.000000
318.514681 25.504883 0.000000 0.941059 25.000000
50.461282 29.545143 0.000000 0.792779 25.000000
25.968801 29.402442 0.000000 0.902451 25.000000
94.326557 27.190775 0.000000 0.823119 25.000000
323.342956 26.010828 0.000000 0.779543 25.000000
52.353373 26.957554 0.000000 0.697649 25.000000
