246.579650 25.301680 0.000000 0.764404 25.000000
282.252084 26.084547 0.000000 0.870753 25.000000
286.502162 28.253590 0.000000 0.889017 25.000000
21.874508 28.558057 0.000000 0.764497 25.000000
346.180956 29.527499 0.000000 0.701128 25.000000
214.692380 26.783994 0.000000 0.901457 25.000000
97.081428 26.220320 0.000000 0.687785 25.000000
246.076646 29.883837 0.000000 0.879067 25.000000
160.671845 27.207652 0.000000 0.680977 25.000000
209.396385 25.160408 0.000000 0.922561 25.000000
206.091239 28.874596 0.000000 0.874156 25.000000
131.805664 28.020523 0.000000 0.710470 25.000000
138.805159 25.887649 0.000000 0.754752 25.000000
300.676468 26.195381 0.000000 0.707446 25.000000
211.403340 27.299634 0.000000 0.710054 25.000000
344.557025 28.990364 0.000000 0.703628 25.000000
321.701650 29.276998 0.000000 0.876224 25.000000
335.605267 27.288014 0.000000 0.895172 25.000000
253.899433 25.450458 0.000000 0.935137 25.000000
324.222681 28.590955 0.000000 0.693269 25.000000
112.066909 27.786697 0.000000 0.898304 25.000000
155.483474 25.453222 0.000000 0.764188 25.000000
68.996955 27.534509 0.000000 0.775743 25.000000
4.890294 29.996975 0.000000 0.891079 25.000000
