338.417421 29.014918 0.000000 0.892861 25.000000
78.663971 28.351308 0.000000 0.708915 25.000000
222.935114 29.308775 0.000000 0.863122 25.000000
263.644543 28.789143 0.000000 0.942678 25.000000
201.097781 29.264681 0.000000 0.896482 25.000000
254.450038 29.763756 0.000000 0.917589 25.000000
68.870516 27.512772 0.000000 0.883570 25.000000
88.256443 27.149805 0.000000 0.848863 25.000000
106.644052 29.286012 0.000000 0.702556 25.000000
198.312855 29.432606 0.000000 0.755614 25.000000
10.097129 25.582169 0.000000 0.888571 25.000000
98.287413 27.556660 0.000000 0.831847 25.000000
80.245918 26.107620 0.000000 0.789193 25.000000
218.591870 28.641949 0.000000 0.690023 25.000000
133.355968 27.599717 0.000000 0.886231 25.000000
306.256794 26.114054 0.000000 0.709510 25.000000
30.539364 25.616076 0.000000 0.840410 25.000000
146.828619 28.616969 0.000000 0.663454 25.000000
290.471360 28.456134 0.000000 0.807167 25.000000
322.821813 28.985432 0.000000 0.669107 25.000000
195.881044 25.090819 0.000000 0.914225 25.000000
291.844346 25.552822 0.000000 0.680956 25.000000
276.398016 25.497923 0.000000 0.899098 25.000000
45.630240 25.504089 0.000000 0.892280 25.000000
