227.419612 25.665202 0.000000 0.841781 25.000000
353.951101 29.719012 0.000000 0.724641 25.000000
296.696766 28.078316 0.000000 0.879660 25.000000
213.668030 25.972539 0.000000 0.769084 25.000000
192.952795 25.553146 0.000000 0.672564 25.000000
155.288805 29.276990 0.000000 0.802117 25.000000
85.471280 29.479834 0.000000 0.886675 25.000000
257.776532 27.403647 0.000000 0.846008 25.000000
127.980617 27.993762 0.000000 0.712214 25.000000
139.039555 27.637634 0.000000 0.789014 25.000000
203.424220 28.031641 0.000000 0.716777 25.000000
329.065265 25.216353 0.000000 0.785670 25.000000
248.031405 26.568685 0.000000 0.870135 25.000000
239.410907 28.239099 0.000000 0.773389 25.000000
165.160097 26.539741 0.000000 0.882836 25.000000
109.915789 27.592486 0.000000 0.907681 25.000000
316.679788 26.958779 0.000000 0.776450 25.000000
359.570980 29.190258 0.000000 0.946444 25.000000
74.219671 29.861358 0.000000 0.715011 25.000000
28.220371 28.397987 0.000000 0.816889 25.000000
282.253386 29.060892 0.000000 0.931165 25.000000
67.585488 26.710814 0.000000 0.832637 25.000000
144.703680 25.817149 0.000000 0.885314 25.000000
142.865180 28.377489 0.000000 0.942478 25.000000
