58.440476 26.689564 0.000000 0.860309 25.000000
118.419611 25.684161 0.000000 0.758848 25.000000
256.549792 29.028143 0.000000 0.739750 25.000000
12.541164 27.504185 0.000000 0.927346 25.000000
22.592502 25.812753 0.000000 0.770778 25.000000
12.407204 27.025107 0.000000 0.675624 25.000000
341.944058 25.717739 0.000000 0.751556 25.000000
85.246183 26.848121 0.000000 0.733297 25.000000
330.504967 27.244981 0.000000 0.810719 25.000000
66.415445 28.569894 0.000000 0.796858 25.000000
38.784984 25.956186 0.000000 0.658486 25.000000
216.889933 27.281070 0.000000 0.815214 25.000000
2.815243 29.169735 0.000000 0.899169 25.000000
302.754870 29.924811 0.000000 0.829284 25.000000
311.366835 29.814488 0.000000 0.875785 25.000000
99.454002 29.455870 0.000000 0.709014 25.000000
31.754074 26.534043 0.000000 0.886177 25.000000
301.915514 27.839461 0.000000 0.791004 25.000000
48.083830 25.287340 0.000000 0.845725 25.000000
332.965797 26.407225 0.000000 0.815106 25.000000
38.484681 25.911811 0.000000 0.661496 25.000000
18.688910 25.209318 0.000000 0.807414 25.000000
5.118961 28.378763 0.000000 0.833449 25.000000
341.066878 27.304985 0.000000 0.898774 25.000000
