296.229053 29.233345 0.000000 0.867086 25.000000
330.248684 26.416959 0.000000 0.784739 25.000000
56.971924 25.225451 0.000000 0.702765 25.000000
347.626289 29.733039 0.000000 0.892042 25.000000
107.934811 26.072886 0.000000 0.933873 25.000000
167.237472 29.019207 0.000000 0.810373 25.000000
128.262842 26.883494 0.000000 0.757166 25.000000
86.570000 25.206117 0.000000 0.726939 25.000000
330.926816 28.011623 0.000000 0.913724 25.000000
163.760150 25.606663 0.000000 0.914683 25.000000
316.997930 28.657348 0.000000 0.737591 25.000000
124.329536 26.816424 0.000000 0.702019 25.000000
354.354432 28.804729 0.000000 0.791240 25.000000
339.988665 28.618637 0.000000 0.757823 25.000000
103.636431 29.830354 0.000000 0.843337 25.000000
137.501149 29.213978 0.000000 0.930080 25.000000
244.099923 28.727780 0.000000 0.812343 25.000000
46.687361 29.479315 0.000000 0.917318 25.000000
212.844750 25.793391 0.000000 0.671706 25.000000
209.208301 27.742839 0.000000 0.837572 25.000000
265.815724 25.855262 0.000000 0.939762 25.000000
227.660515 26.625936 0.000000 0.791017 25.000000
110.942916 26.242287 0.000000 0.904529 25.000000
224.575249 26.591269 0.000000 0.858286 25.000000
