276.112923 27.357265 0.000000 0.824813 25.000000
341.675105 25.265492 0.000000 0.698977 25.000000
110.068573 29.234534 0.000000 0.742410 25.000000
9.752010 26.726144 0.000000 0.651657 25.000000
92.866472 28.932504 0.000000 0.770027 25.000000
149.942701 28.033817 0.000000 0.826610 25.000000
239.932333 28.837410 0.000000 0.691122 25.000000
235.853609 25.351728 0.000000 0.740766 25.000000
239.621161 27.158502 0.000000 0.941209 25.000000
12.295047 28.610980 0.000000 0.664804 25.000000
160.581816 27.719753 0.000000 0.704160 25.000000
314.822129 25.097156 0.000000 0.876264 25.000000
31.853584 26.889073 0.000000 0.884216 25.000000
296.707168 27.825298 0.000000 0.741581 25.000000
337.984194 25.427126 0.000000 0.854924 25.000000
115.564229 26.994735 0.000000 0.776144 25.000000
340.558499 28.116385 0.000000 0.816604 25.000000
117.060013 27.107564 0.000000 0.681844 25.000000
281.303478 29.170800 0.000000 0.863822 25.000000
10.645040 29.276883 0.000000 0.715008 25.000000
14.611046 26.603852 0.000000 0.739179 25.000000
74.455520 28.436666 0.000000 0.869095 25.000000
221.314411 26.365369 0.000000 0.752192 25.000000
288.441774 25.398474 0.000000 0.828208 25.000000
