114.138593 27.805869 0.000000 0.747408 25.000000
9.079071 29.215993 0.000000 0.739017 25.000000
5.961135 28.710696 0.000000 0.888164 25.000000
201.444583 29.983693 0.000000 0.694504 25.000000
58.829797 26.314441 0.000000 0.775613 25.000000
88.711423 29.599305 0.000000 0.931905 25.000000
266.806631 25.913504 0.000000 0.754637 25.000000
319.809590 27.270362 0.000000 0.671386 25.000000
286.183796 28.102193 0.000000 0.822985 25.000000
236.162072 28.903680 0.000000 0.688771 25.000000
258.569274 28.299174 0.000000 0.834611 25.000000
78.857819 25.941286 0.000000 0.742995 25.000000
5.831925 28.043727 0.000000 0.783982 25.000000
207.121922 27.684852 0.000000 0.886804 25.000000
212.007141 26.548945 0.000000 0.711940 25.000000
106.358945 28.780930 0.000000 0.888640 25.000000
190.853655 29.535975 0.000000 0.683385 25.000000
112.231094 28.506588 0.000000 0.844902 25.000000
55.680300 26.379693 0.000000 0.764048 25.000000
196.050449 26.927156 0.000000 0.801112 25.000000
201.414659 25.310747 0.000000 0.861655 25.000000
81.355167 27.901429 0.000000 0.843936 25.000000
307.335850 28.527593 0.000000 0.889638 25.000000
181.598491 29.337882 0.000000 0.904155 25.000000
